2.346438e-01
2.047571e-01
2.047571e-01
2.047571e-01
2.346244e-01
2.010462e-01
2.346244e-01
2.346244e-01
2.010462e-01
2.351784e-01
2.290328e-01
2.351784e-01
2.290328e-01
2.351784e-01
2.047571e-01
2.290328e-01
1.675819e-01
2.010462e-01
2.010462e-01
2.010462e-01
2.290328e-01
2.047571e-01
2.346244e-01
2.010462e-01
2.010462e-01
2.290328e-01
2.284774e-01
2.047571e-01
2.290328e-01
2.010462e-01
2.047571e-01
2.047571e-01
2.346244e-01
2.010462e-01
2.346244e-01
2.346438e-01
2.351784e-01
2.346438e-01
2.290328e-01
1.675819e-01
2.010462e-01
2.346244e-01
2.047571e-01
2.010462e-01
2.290328e-01
2.290328e-01
2.351784e-01
2.346438e-01
2.290328e-01
2.010462e-01
2.346244e-01
2.047571e-01
2.290328e-01
2.346244e-01
2.346244e-01
2.010462e-01
2.290328e-01
2.047571e-01
2.346244e-01
2.047571e-01
2.010462e-01
2.346244e-01
2.047571e-01
2.290328e-01
2.351784e-01
2.010462e-01
2.351784e-01
2.010462e-01
2.010462e-01
2.346244e-01
2.290328e-01
2.047571e-01
2.047571e-01
2.047571e-01
2.346244e-01
2.047571e-01
2.346438e-01
2.010462e-01
2.010462e-01
2.290328e-01
2.290328e-01
2.010462e-01
2.047571e-01
2.290328e-01
2.047571e-01
2.010462e-01
2.346244e-01
2.047571e-01
2.047571e-01
2.047571e-01
2.047571e-01
2.047571e-01
2.346438e-01
2.047571e-01
2.290328e-01
2.290328e-01
2.346438e-01
2.346438e-01
2.047571e-01
2.047571e-01
