4.976050e-03
5.454291e-03
5.454291e-03
5.454291e-03
4.963545e-03
5.352751e-03
4.963545e-03
4.963545e-03
5.352751e-03
4.993548e-03
5.214708e-03
4.993548e-03
5.214708e-03
4.993548e-03
5.454291e-03
5.214708e-03
4.137660e-03
5.352751e-03
5.352751e-03
5.352751e-03
5.214708e-03
5.454291e-03
4.963545e-03
5.352751e-03
5.352751e-03
5.214708e-03
5.099181e-03
5.454291e-03
5.214708e-03
5.352751e-03
5.454291e-03
5.454291e-03
4.963545e-03
5.352751e-03
4.963545e-03
4.976050e-03
4.993548e-03
4.976050e-03
5.214708e-03
4.137660e-03
5.352751e-03
4.963545e-03
5.454291e-03
5.352751e-03
5.214708e-03
5.214708e-03
4.993548e-03
4.976050e-03
5.214708e-03
5.352751e-03
4.963545e-03
5.454291e-03
5.214708e-03
4.963545e-03
4.963545e-03
5.352751e-03
5.214708e-03
5.454291e-03
4.963545e-03
5.454291e-03
5.352751e-03
4.963545e-03
5.454291e-03
5.214708e-03
4.993548e-03
5.352751e-03
4.993548e-03
5.352751e-03
5.352751e-03
4.963545e-03
5.214708e-03
5.454291e-03
5.454291e-03
5.454291e-03
4.963545e-03
5.454291e-03
4.976050e-03
5.352751e-03
5.352751e-03
5.214708e-03
5.214708e-03
5.352751e-03
5.454291e-03
5.214708e-03
5.454291e-03
5.352751e-03
4.963545e-03
5.454291e-03
5.454291e-03
5.454291e-03
5.454291e-03
5.454291e-03
4.976050e-03
5.454291e-03
5.214708e-03
5.214708e-03
4.976050e-03
4.976050e-03
5.454291e-03
5.454291e-03
