4.119608e-01
3.225056e-01
3.225056e-01
3.225056e-01
4.039349e-01
3.129133e-01
4.039349e-01
4.039349e-01
3.129133e-01
4.123688e-01
4.063468e-01
4.123688e-01
4.063468e-01
4.123688e-01
3.225056e-01
4.063468e-01
5.104934e-01
3.129133e-01
3.129133e-01
3.129133e-01
4.063468e-01
3.225056e-01
4.039349e-01
3.129133e-01
3.129133e-01
4.063468e-01
4.282358e-01
3.225056e-01
4.063468e-01
3.129133e-01
3.225056e-01
3.225056e-01
4.039349e-01
3.129133e-01
4.039349e-01
4.119608e-01
4.123688e-01
4.119608e-01
4.063468e-01
5.104934e-01
3.129133e-01
4.039349e-01
3.225056e-01
3.129133e-01
4.063468e-01
4.063468e-01
4.123688e-01
4.119608e-01
4.063468e-01
3.129133e-01
4.039349e-01
3.225056e-01
4.063468e-01
4.039349e-01
4.039349e-01
3.129133e-01
4.063468e-01
3.225056e-01
4.039349e-01
3.225056e-01
3.129133e-01
4.039349e-01
3.225056e-01
4.063468e-01
4.123688e-01
3.129133e-01
4.123688e-01
3.129133e-01
3.129133e-01
4.039349e-01
4.063468e-01
3.225056e-01
3.225056e-01
3.225056e-01
4.039349e-01
3.225056e-01
4.119608e-01
3.129133e-01
3.129133e-01
4.063468e-01
4.063468e-01
3.129133e-01
3.225056e-01
4.063468e-01
3.225056e-01
3.129133e-01
4.039349e-01
3.225056e-01
3.225056e-01
3.225056e-01
3.225056e-01
3.225056e-01
4.119608e-01
3.225056e-01
4.063468e-01
4.063468e-01
4.119608e-01
4.119608e-01
3.225056e-01
3.225056e-01
